9.184138862317658
7.842506747509418
10.59874241792609
9.525893070919437
6.361341688052423
7.798595553075478
13.29707032015908
11.190192046500188
9.6500642054025
12.532233989551212
11.02569900563797
9.331302187879883
10.286940164561761
10.25662385218262
10.399288232960906
11.017446777961515
7.647168533547198
9.060934561686572
8.6516555187941
8.655255550771823
8.152419704941815
7.265170552685396
10.26014425699852
9.702744877268291
10.252892044349704
11.287107564331734
11.035714624755421
11.001655862527969
11.042453257938053
8.996216938104268
11.802296176359544
12.9174517291182
10.810712651426904
11.089319512790922
12.799916376906399
8.548989883143161
11.068397705420846
9.003534405535225
10.354965788334727
8.2187889035001
8.722746406734574
10.720950528800365
4.9639887309927175
4.570063652860426
4.653913152277312
7.129901390304638
8.224309292586721
9.798980349375473
6.080651323108769
10.509658143668661
9.372271877434551
8.610094763224632
9.142213702995829
9.367028117999407
8.473282676025228
10.689680415485597
9.160691779416752
9.371712694133443
5.186133038001601
9.787217453778325
9.070205744174194
9.012580531735571
9.742938025294833
8.394346296216161
9.974437226679512
8.749989682771943
11.990606417583898
15.012304989281839
9.962138379402635
6.05325560853904
11.716105232071769
8.745761713948639
13.16503546469369
12.37174868012038
10.734500014757325
10.352075291239984
11.736668307761056
11.492791900956307
11.849806001746654
11.402030916260701
10.817439195003905
17.513689831807792
11.806752276077294
16.493914950037073
12.460107446821354
15.363280542327029
12.41056210323655
11.020081655100421
9.66254898618011
12.721035643350357
10.577782192050666
11.073422630524759
13.025012830374706
11.89813849375692
12.94212939332127
13.354990194762031
11.35408536659789
9.383136690165822
9.865408028499594
9.089915248819002
6.791628437596282
10.89383624399742
12.77513850672556
9.887885382701775
11.336888920349384
10.775421234511011
11.790898066656876
10.672757213622273
10.464796756553476
9.724115016608595
9.338502453310847
9.997323937345914
7.517696142678237
10.26943157417039
9.999168283961918
9.924235542830061
10.593661666871842
10.170721840801153
11.810587548266508
8.309584912699703
9.538460961407125
7.220133152750359
11.102526637359617
7.866202886409048
6.811561840002451
5.445257946037926
6.796155613003851
7.029367027044513
14.17906747567738
16.270089837737526
12.777524450535442
9.283155586076102
7.7106590834479185
6.750017517431541
5.438056035631801
9.352151025799849
7.230031531463019
7.6568544056657295
8.996567673724424
8.524153524754325
10.57701374351848
11.363593809922428
12.995297337945985
10.440418546698835
9.91086040962988
9.670737165584269
9.336299027765852
5.770627800116104
4.385124596437832
4.502484031465826
11.160781922671134
11.380880042436482
13.265331709449606
12.592672577842652
11.682031630290822
9.910101792539418
12.12044181568514
16.162114552098778
11.092187861882556
15.342456546475205
11.708675006434724
10.030028480003127
10.946554030454998
17.968226463640747
18.047607953940904
14.041663035795409
15.84893961100509
15.259060947295115
15.699320551663245
15.364256710505636
13.751608714841854
10.971057015859271
10.307016177259506
10.090569786653354
4.782294143956124
6.92438488009887
5.645807018671073
6.353588369929341
4.719623092898353
12.169745069452578
11.21032855116421
15.052827198976745
10.945714754700985
11.246425191139917
12.58146648095031
11.024729326934677
10.6820417134163
11.812703407785147
10.191321186568484
11.178978932108038
11.237201420149487
12.000044874075073
13.562815127650019
7.9432101935212
8.220604632138285
10.477081756367193
10.251724554850561
14.138496546662523
10.11869691667208
11.287461644619523
9.427235320837674
12.353745866453705
11.131367270444692
11.858659040320235
8.87979673067618
9.89171594576007
8.026726535253827
8.146525690684106
12.723264053435603
6.9383429859055035
11.243086676450678
7.690313728101433
8.97291049247801
10.50912102419228
11.291803581993555
11.7496876224242
9.444641219711102
7.8137059577321395
10.23287303463304
8.888413211716015
9.368792429428582
10.359576808699643
10.38474949408639
9.979772921527186
8.10593510996815
9.918795460751031
8.557792533452352
6.877128078003741
12.468218272780428
11.178368058865232
11.166168964050076
12.605877731488315
13.687025551465197
5.71250912939551
8.283533790753026
5.961514765478096
3.153572179214171
3.78275363813026
3.6287625366365317
4.07381041771482
11.22633272098814
5.622515938666985
5.043392539148745
6.059710243173329
6.570359175206187
6.608904953937166
6.282654034604794
6.910772211204536
6.119237515314693
6.959952689645476
6.625909835227858
12.298541904915787
10.055080006634977
11.921271045750162
11.579553757310899
12.849549652541695
13.887075878495729
12.689283819302968
11.018384096389282
10.511434893924267
10.691337756219912
10.667603513041959
10.975497368339099
5.251166494912283
6.9195951673850855
9.048339315966222
10.495458984893006
8.270505038564176
11.888026834022067
9.937976066412087
16.511157328218015
12.916324769230835
13.480959576255195
13.327883057323032
13.684586313014272
14.252687950654781
13.947694905559523
17.23492656895936
12.994251070007719
11.301629101852956
12.175427648821037
7.139518031222367
9.685490792631724
11.075671663179845
12.43630654200213
12.103546987992145
10.231804456779415
10.744794131573776
11.034463098084842
10.900020500492378
12.040686530771373
12.118677640630349
11.502340155391996
13.028162667332838
13.09987950562697
5.914001106879904
5.646055007442499
5.723583676128941
9.570061355678725
8.246150638962728
8.50236920121506
12.779821107107702
8.073197240294618
8.064640228708885
9.738214025351956
4.599436198392463
4.073724049187141
15.288734695264942
10.424107612427775
10.473268597085713
12.446600642922775
10.050444087209382
12.171377424090705
14.238892237764464
14.058229126513432
8.355634981006872
11.370233198833802
9.101448952547894
12.28839629246035
6.605063441349064
5.499959830415328
4.492668283713114
8.801959166866617
5.637732868713247
8.025695875018313
7.025626403244068
6.636911847951248
10.07463331614229
8.751180284451287
7.206903959793532
10.604119164855472
8.77226995514468
5.877522833575257
4.9035322532555385
15.896229214854944
11.079825663132185
11.8591665520567
13.29431284360898
10.239567497457656
11.10740632891966
9.68888400242228
14.27007922801972
10.208996489151296
9.972155584926568
11.109761553745692
9.649075489227442
11.832413777239577
6.496155886471264
7.657445529546415
9.599880516531037
9.183154065553715
11.321254562056756
9.610852685816223
9.48319882597719
11.281847335933655
14.055001860940536
11.056699893663282
11.559706048723564
14.65168662746879
11.950902281603337
11.750115141537663
11.858267236698392
12.117611665337115
10.933638772510237
11.250629454942276
11.732801233203254
9.911535433911784
9.66505017222083
11.01498929888918
12.645728130904057
11.431454515415961
13.055668870394705
14.693855597051956
12.055790195527992
12.573847761505954
14.112130889041865
10.14301577698167
9.323439851790676
12.805070123856822
12.192313146789573
13.204401615397163
10.624979320957713
9.686409936941812
10.196803695705123
9.900206465443473
9.044991235727444
9.714670767801575
9.423583932425657
10.759201588002798
8.29602512730912
7.562720365101251
9.462863889268451
9.69007155577127
7.1223019705750445
6.937184563378631
7.859729381532486
10.453849246181456
10.058579354506834
11.538544557052766
10.93870245652138
9.377986593406629
10.74405459892852
9.511822644241779
9.834207257247256
7.898120371216257
10.306774503432322
9.26739185407847
10.842384854295021
10.643585828689927
9.968927023121292
11.597697402564439
10.468182127990822
9.931101193648335
10.413145255573573
11.943115595246763
12.549887686753152
11.808883388290848
13.228941115302963
12.49686615944856
11.114925556909647
13.784870064028212
8.749765710107393
10.267046195573656
5.868513709335912
5.482319643057151
11.644152148662277
12.003312640870124
11.937748087775374
13.160052715565296
13.31095061851642
11.542008384052442
11.358132937682994
12.27035973995287
11.68846331821093
8.33839734186352
10.493452660908574
7.2125216213128525
7.508244218402327
8.088126827453959
11.590465935098308
7.1763376128048595
6.7861228931445
12.316761195204082
7.081755783781652
8.930980246016492
11.803684173048776
13.94096497525712
13.187431390169579
11.933021229985323
10.597439581814886
13.748750917513055
11.643980414135417
11.077895544759318
10.312769641108863
10.415912267739637
10.384443874897148
11.898749941626852
7.2380438938593095
7.638221739900353
10.641274207186255
8.076207939511743
10.860726564259181
5.266901517617586
4.892531494936975
5.406241971183304
4.266847785279002
12.008512858092317
12.19733127004382
15.482509644176101
13.33788525823547
10.391358481952617
9.432936945884833
7.892177871346233
9.731217714252836
11.92412008544474
11.826816590277492
9.530599434876812
12.82125227359226
14.376305239359393
12.998799527966401
12.49786227833692
11.283360187971457
9.996841083266673
10.229043070551791
10.803775273979301
11.49753231950921
10.978862830809721
11.17106955060225
10.159165521912657
10.823949706585006
10.362372048327693
11.316770065144702
11.896045451507156
12.669817244116462
11.591816015446792
11.63019504362737
14.284935006106245
10.878076205632059
11.656946127114313
11.988600553438635
10.484896046911096
13.646172324695538
13.05295484346152
12.227172902770235
13.251984480374825
10.79229090220499
12.215923216691266
13.006283633272144
10.667590787023437
11.066792753311093
11.269606698828344
9.155104377891693
10.607934819365912
7.201150909603039
6.610896475300583
6.755429774168526
8.279507028328608
6.859934044157033
7.353833992346243
7.643991586470222
5.814351403669461
7.723377844840549
6.858381408513305
5.713470493560726
6.036144182922214
5.375819303907627
5.17601768532116
10.880207941089793
10.48750250299469
8.556991578264853
9.85195257603613
9.229737282692623
8.832558525292413
8.749398012712076
8.642807884251457
8.844866299230413
9.590160668879223
7.231425696654887
6.88316785647911
8.702672402168986
9.942958113779895
9.480399503040456
9.327335584125073
9.051921938336038
8.497632744638906
7.491612365216509
6.618213457543609
5.895221535244869
10.106252589882903
10.21700142422925
10.856812099334366
11.3005222543464
10.215264649039792
8.74438662936704
7.857262933212663
8.875761521411897
10.377392781581449
11.769994100102412
12.746865764486653
9.829396855649772
9.092375822445485
8.92199593563534
9.785764821051878
10.610835169530542
10.31399473325251
7.684907076120862
8.759788119900781
7.726515112797873
6.9737951856316815
8.557090109856164
8.203617084649348
8.024471844570535
13.484905957448463
11.426746873638788
11.188811154568663
10.795079010278199
9.931694845189751
10.575039989810206
9.981887907348767
14.196622439321011
11.126271831235202
9.676744932785008
11.524453362368662
8.053506581380145
8.445446627459628
9.262249108739537
9.615374683708357
10.97166245470821
9.87043812925042
8.5972875416591
10.150929399071147
8.21346993970094
9.577997023435627
12.919050146977757
11.153451737738045
11.474328687848388
10.852321275481216
11.416992712282402
12.085324916915127
13.172415175196184
9.900947186880675
8.481342530931826
8.489940258880315
8.733784619240797
10.117251202544843
8.783460927055668
7.8497491767794285
8.595725375934398
8.590579353254423
8.150054584953045
10.178090696227136
5.782471660822232
7.7582669066359315
9.068821645210186
8.95140402312683
10.088303327056568
10.07107581253095
7.455294108633703
7.301868911161894
6.2433379725822515
7.736077144567831
9.880799216014701
9.732368775915761
10.12803778499844
8.292329040767532
10.848808276662819
9.369332426239797
8.400158496206625
10.294725775035706
7.857664340171373
8.165547368489564
9.551669895334875
9.756504515729326
9.008948595358373
8.536739926916395
8.13335438950519
7.891295499454268
7.650148379689716
8.705850322111349
10.436344169396143
7.345560556222663
12.00799343503563
11.81806969593383
7.781194708343689
8.824325429407535
8.098283326941166
7.094037847936471
10.67208945772892
8.698988359135695
9.660255844857305
6.430636341339594
6.562139594033336
8.614393399116748
7.351182348974218
8.252239729536536
7.074141577113165
11.92429153922114
13.221499988163227
12.354963130365146
11.75360770350994
13.618037434416534
11.200284970910037
9.312835152949082
8.68781765060386
9.287358026633372
8.54735743703689
9.741003061535826
10.405228982661908
12.977891499713078
10.511891128278886
10.827482671674282
10.681860800682244
11.832641426053868
9.991917204971653
11.748646976281712
12.553055391475647
11.205081682300428
10.65622666754423
12.20254671776521
8.253318606004651
6.975795783208947
10.168246057349286
9.099172516077118
11.809805847052516
10.096398945005472
10.938792057782171
9.888508260041831
13.579503100320785
10.11890766789729
11.230071792402427
10.066861587463862
5.352575185631151
8.974687279463113
8.389878433095669
3.946721886045186
6.165236868885522
4.011423595894492
6.835396069806881
9.657992557045137
9.28259119905215
8.299077145735662
10.325008063702018
8.982400400707077
8.91236553348983
8.550202538677807
9.661868449671896
8.187580732621027
8.103780369070469
9.030487408712599
5.930966600561994
6.589603367047113
8.397165992738996
5.549554504211362
8.0836145967472
7.73631600634565
5.449459871780236
5.695610036921462
5.215762734417151
4.221023915006823
3.8453599974605064
3.9523136402311145
11.48946281507506
13.768782759697917
11.168557002329743
9.43112390861908
10.736217017098628
8.72671674882724
9.453711083247738
11.336024992066006
9.42288322078111
12.188038961328774
9.99508089264613
11.267292572482823
10.80881316800189
12.111142980647752
9.58203021680242
10.373830925277595
10.52466638695126
12.645322670049245
9.245529445022441
11.066815353944278
7.876675912011848
10.565697780389618
11.558357284024211
11.636237528107237
11.368527748738742
11.796984340607771
9.469973771799642
11.499261208771966
11.450182532208593
10.753535929559998
9.126620381570206
12.227641128217867
11.475429064087582
14.541047526544446
10.323702079092094
13.079818727541474
13.603075973562111
10.19161222816081
12.208107125227047
12.014910020504658
12.916608880563178
13.107376706365184
13.004732683888182
11.654983120940342
12.101423369718344
12.009190557878203
8.183916380343813
10.795130182367298
11.491063680982316
12.2201292071458
9.182318591953301
8.429461758841317
9.137639242870051
10.424010018475535
13.31816799490054
10.508069561227384
10.44300324059901
10.389630149638087
10.886746465839384
11.545525817956717
10.628452443291785
11.525915802547043
7.294712198973315
4.760235571043617
12.1150715931755
10.489078378034463
12.088602562291811
9.758344389790228
11.227180888168705
11.279287934547042
10.241068177816345
10.15076458396353
11.109758530067827
13.304037138726008
11.508227605695918
10.435249951653478
9.076914010785993
12.262899559155716
9.434014602376887
10.483819794290518
9.323352276892075
9.935839452189047
6.832787639073061
8.870868719147943
8.668263325055115
5.581786052593799
11.869908226198541
9.506184671067237
10.910104191641956
12.342822627256929
11.549673949400404
4.987520592864842
5.203101043626374
6.27735191293683
6.252828497215559
6.443122389015198
6.796326477323204
6.441214835495097
6.986482926642855
7.056461790309826
6.968856734786956
6.614666960456756
7.067387420716377
7.344517401684005
7.093720056298489
7.079522053078379
7.458372997037417
7.296263174065052
7.600806493529711
8.206762167509265
7.956942994357147
8.2092321623712
7.119689245885898
7.286765202003148
8.240184997689957
9.394185139162005
8.895261755925317
9.373451408423188
8.407998526654604
9.173469728786358
10.001298993776505
9.340297263805049
10.550687647487328
10.00862447122652
8.16645274368474
9.560664221256658
9.63119340629842
10.696364660769179
11.123147894864154
11.107290872694806
9.06891665168088
9.972301973022532
10.787146058316065
9.190408451418328
10.181889519577519
10.983745276839755
11.34909346521275
10.884788519815107
10.638134604596967
9.502184478019995
10.144471608064979
11.538787779440945
9.467108707789617
10.55526256055376
11.692491598618084
11.400713798630633
10.291356389604855
10.335141335697283
10.506999188169278
12.449480791257335
10.765615784080595
9.77921957385713
12.960725068447076
11.51904682538722
12.926751512798386
11.122785457284998
9.319514847076668
8.528945512304253
8.914002833041515
11.034252742234564
11.818650678096724
13.210809730504845
12.690844632551386
10.641355814929211
11.78645071258867
11.390990640580826
11.407059148958682
10.354073469275692
10.708953055770179
10.960335018132213
15.414413046266091
4.553648912667523
5.064785543596145
5.008559652967797
5.2875815807187685
5.131237524716068
5.361495514077182
4.993051929905973
5.96082682138133
6.095821526523046
6.02994800337083
5.7931138202345895
6.085586905570068
6.016641270203531
6.134268500236776
6.156029532013706
6.392091059891081
6.410021546002196
6.074467109823071
6.309714274870308
6.220996125144498
6.642315812927111
6.937697841840578
6.750443551709258
6.767345987390911
6.57604694317448
7.23420710171583
7.36826369183192
7.154899660814335
7.294883898096589
7.566446673633101
7.32462467191831
7.680063388388606
7.569928046461616
7.665753389973569
7.110819323856915
7.762115827363594
7.830335018269675
8.149769736594342
7.660046318576347
8.642465920645275
8.243549494924178
8.53479439097849
8.16722114783684
7.569686991459587
7.517364996969144
8.469099421806181
8.102670190908443
7.63207799970769
8.030517361305218
7.7274891780011945
8.11883077127006
8.128453330272139
8.428950844940186
8.077760483088017
8.713787689972015
9.386461597735606
7.930752257610887
8.992667881812022
9.102420164631223
8.68251497604071
8.28365323865621
9.15568538080341
8.932243838683368
8.796243155753686
8.991040730992111
8.779793968871015
7.95407226908928
8.652804048737835
9.091659854877646
9.242806664854031
8.084031535608224
9.072225870732575
8.985391166865625
8.774185667045716
8.848806639968942
8.641586429195696
9.246045384316428
9.07085266377984
10.075457002792987
8.368399395686666
8.982686779802338
9.009554089652266
9.793086230539522
10.03016108319013
9.705442213760547
9.101318036826726
10.402489732681806
9.753282599063004
8.349887184711061
10.723700377289298
10.221989713124104
9.250448839926312
9.88322546953869
11.374608022720368
9.401088388124178
8.91953115704544
9.539271307811116
10.262591612520097
9.192544655269481
9.603034191744168
10.933557975119157
9.852343445267254
9.635114591219155
8.387868826645473
9.70617745648299
11.116102372425608
9.117856950786292
8.72652113107882
8.541917704061834
9.008063840253454
9.575990919992705
9.430475629184155
9.94238229413829
9.280064074677787
9.476879138677278
9.828209041726033
10.402269188769475
10.256199462640728
11.385464613578458
10.675684905412348
11.946237848673125
11.472321536423456
10.158987763511215
11.808126774110079
9.415246347092019
9.968630849228337
10.604456744186782
11.336669190170664
10.494768839028179
9.591329759399883
10.98874648392962
12.698105474003633
9.56182572607639
11.039358919283394
10.923614269805269
9.718163638333742
10.26376541313175
9.869430073959963
11.751205836154494
11.033789379316
12.855624428435831
12.798465861561908
7.3915735226875015
9.78161268720018
11.550124484607275
13.541674883742932
13.452110659877107
9.912077843258375
11.334719834137797
11.2948774719301
13.072219340526742
12.336692281253024
10.240327070731217
11.231203617323146
11.830421259503176
10.955054027680514
11.837876852863817
11.4812304160397
10.87289859106519
12.27728019634666
12.766560116376057
4.324789084684236
4.51365003358307
4.371246853119592
4.534561472791876
4.818667567241146
5.138405862173041
5.204127526155353
5.3028497068080815
5.339263791162387
5.753708587517707
5.6747873009832075
5.869632376198604
5.885729076381617
5.947280050408469
6.448912503987862
6.650361427611401
6.682417797196745
6.680636705427659
6.697709094351377
6.95030733816446
7.098020231996427
7.2807384584468515
7.777504130477796
7.644536381996263
7.521628703090151
7.328656455841377
7.705858972498921
8.345074790912518
7.331521854989685
7.4543259233123855
8.014616745983085
8.035057745700538
8.227803191617085
7.608080597141819
8.200706622114652
7.704101448485563
7.381032339835619
7.406632019556554
7.70457105897063
8.028988384984627
8.283486646547953
8.519292217501235
8.064308261679486
7.692638410751192
8.107716519256128
9.329931863583294
8.644096690461089
8.992637879667683
8.138306835693722
8.73519201526285
8.98305031674053
8.51863215982106
8.867157546692564
8.487423078844367
8.843592794228762
8.0185176784546
9.160806234942147
8.739235679789378
8.33215657106275
9.373944698147906
8.425795659715197
9.117053445447636
9.055091982069932
8.066230716762583
9.022908704625536
8.78640378383336
8.996851154921785
7.707298191445938
8.294268726536862
8.694455022876038
8.185619795398047
9.574003175090937
9.232013097885252
9.097865684989706
9.38258034615172
10.053814643944195
8.760239955708453
9.21587384737806
7.623328194993912
10.236775940346792
8.954687039481879
9.32431558425347
9.542049036601313
9.819219900130383
8.994662207888446
9.34879116660689
9.509574501244327
9.94103037258176
10.085880872079859
8.442049322217596
9.191517587589164
10.133165867581308
10.422363649233759
9.46797233513215
9.330864541549673
8.357089988917727
10.522750682625265
9.043312888503515
9.763378452501051
9.19060024854127
9.504815040287555
7.55643758590217
8.873211042052773
8.594452050286673
9.23112546625002
9.196343449747529
10.04420789807889
11.941200356640797
8.767070214780118
7.925565491346786
9.606823545508
9.750183797673774
9.215307057544912
10.317295861826546
8.739512619354603
9.635562468464784
9.237124767753281
9.134265860748403
9.390009662576894
9.182974077001777
10.666629698300188
9.171582196279154
10.390247539794725
10.811382050286499
9.999184378055153
11.552865094609007
9.465775293564555
10.60425556186421
10.869528699676955
13.075841342791477
10.189090396203335
10.596641247878338
10.59076769425334
12.612082713467096
10.6211763459535
10.949020422703217
10.356505597337081
9.311781696638871
10.365638557038986
10.495134213649031
12.745603056696641
9.631481075727976
8.8419991128826
11.194502156643571
10.79405609828985
9.91745645697031
11.048342483390394
11.468775410328613
7.816507319715049
9.990756779746414
10.585348746885554
11.292945766897567
11.368555180804648
10.806282269042512
12.159476682580557
13.300984293831245
10.417026219514634
8.392244356537596
5.303249118827539
5.206064265536208
5.242965170462059
5.57725244951284
5.794329635499508
2.890262610612915
6.097868582526445
5.973883857270235
6.656811076354886
6.264141781361616
5.878763603133434
6.189479955081737
6.423120443055843
6.414967014988386
6.207423120770837
6.562438349297678
6.3788078426790005
6.673252915377242
6.636198397941904
6.671448138446396
6.583864807910494
7.148848532485542
6.6050993864817755
6.829963258545817
6.777124856135393
6.936241700554273
6.922041359243348
6.827286858228753
6.784587870669942
7.01136657067581
6.817222555739942
7.01706571692304
6.808418699575224
6.853401599423325
6.796066024055099
7.017593150458688
7.534986062223198
7.235297893724658
6.859450301745687
7.050794163432858
6.885995363299593
8.607311480147875
6.948357088785486
7.407958722059347
7.7529999576151445
7.1438073455325295
7.122794092517617
7.450071390400054
7.846075113411634
7.808048875850957
7.733937710463117
8.170953029193237
9.116650660825577
5.991036624081832
7.6853368949689695
7.999144978203477
9.339970536802252
8.018176775697317
8.319468700870635
8.828855173633794
8.099427258639958
7.888594876802063
8.785770936239945
8.47019179740689
8.669856844558813
8.188428649789012
8.045871180089744
8.465250406727503
8.80485015719876
9.71789916759592
8.31995018946091
10.004383765545192
9.227780818968691
9.59327554787639
8.501582803022536
9.078312513373508
8.705843594216077
8.896968791512224
8.74459604245374
8.071162144080047
9.146546247398687
8.74351935784798
9.239091743772756
8.963069883123536
8.061214499527944
9.0344529054225
7.991777839047879
8.114845353499124
9.114096367149076
8.61692309613823
8.404776390502139
8.82551466333303
9.628531710360026
9.381324897654574
9.185412600193864
9.678369672194549
9.331836484091811
9.811976711936499
10.310674309166114
9.017552192694701
9.31727482055164
9.685517128116246
9.875363989673613
9.770450588384847
9.346711656350188
10.115674589865513
10.599703364929923
9.624499805703849
9.559058171182803
9.531998445571043
9.491177665804337
9.487473717717876
8.583517844961932
9.162239380333146
9.355171858586582
9.703006528772374
8.663402618688382
10.022350527195343
9.572276035654125
10.501657231957967
10.68677481463337
9.113208692767026
10.621291797084908
8.577679696965465
10.448650063716775
9.16840143753296
9.545461280067189
8.898912944466549
10.102917101485996
9.253750312895496
11.066862941166551
10.139273393029104
9.097826723180331
8.30461108625244
9.80493669509188
10.425427646698093
9.698279580960543
9.871311035172372
10.616959947286801
9.795050610981495
10.886608021415602
10.449408146225293
11.164121471049587
9.30981922848904
10.002955100143987
10.117673087280686
10.500930506264844
9.942870224416318
11.103204743300338
9.480660054762522
11.348285218081315
9.409941171047583
9.816350979772697
9.400105313873183
10.903719830083393
10.040347476548401
11.570366913147605
9.699792883481528
10.468221925731857
11.722286821046994
10.320772950084384
10.299413181292206
10.448005671145612
10.750312816756452
11.435291424533556
11.670666846358767
10.923522255084977
10.454920222286123
11.155124810071996
10.498025322163825
9.976118371261407
10.114129711216078
9.869054297593955
10.358914922342105
10.137385097692317
10.74784590444342
9.581969924115684
10.552800163703075
10.74777701261512
10.557733969869496
8.64966830304247
11.320626844682666
11.095760715548339
11.679104887794587
12.681465379828946
10.600673182500007
10.92556122381816
11.14521100086203
11.255091410054101
11.14753008356342
11.09963375312017
10.395925135855318
10.485902400243322
11.681763829642716
11.931941843416233
11.184950362297483
10.477480687163514
10.532277791931534
10.364714807370499
11.750584763018727
10.837684859751867
11.560871575422595
11.07096613545759
11.39637018448558
12.083723515698672
7.749991563818524
11.598327080634716
11.63078718827678
8.543341989087367
11.024007031970338
11.200529234831535
11.901153738586224
13.580769371852504
12.553443828643701
11.959150513426259
10.857720648177164
11.510294676187675
14.431432201870994
3.8722184715682504
5.159214974811238
6.7798717599782155
6.478968936070817
6.423856612138852
6.289169194933591
6.843135493520727
6.9293103197857935
6.762760167702117
7.173437144704794
6.991755886223751
7.197325217842744
7.088938834772906
7.071084352445645
8.181497286531304
7.2144569462065125
7.309503084473661
7.692817310209539
7.8735273131708805
7.821408184784021
8.327359827304797
7.283164450082012
8.039756982696268
7.7938218808095465
8.035538203583037
8.714674246574726
8.062529007361732
7.879703770283695
8.471640232484624
8.021064345663634
8.553325290587235
9.60699196168905
9.172745155513748
8.896324750196282
9.229240238572803
8.387151025114703
8.638706412310405
8.685416148312765
8.856673355298557
9.039089025824138
8.64871325021645
8.802733354075587
8.344545095089478
9.31348233518348
9.222998085889238
9.859197909145456
8.988555241083603
8.054359592302227
9.142311615109648
8.295808457984828
9.880642456765715
9.119858459805982
8.571587447514446
9.591677203444512
9.933698705853402
8.414909326757016
10.082086537634385
10.394226775232909
9.721218032503334
10.559508986132837
10.114001187380815
12.744132584664193
10.287903683828883
10.308322163441334
9.963432989268227
9.690389890765246
9.694259364992291
10.609948828878595
9.942303425807879
10.78395314092579
9.457493913911557
11.07346452712349
10.430296005774995
9.206452326529595
9.670094765648539
10.346841340761173
11.553085383678718
11.384450191480651
10.964545157750615
11.854117464468926
10.732095203728939
13.262557395160961
11.034218345436397
9.065949140068318
9.173490467305685
11.819232691784897
10.325324920184714
10.509487999202808
11.297242358898064
10.410711016625111
10.138172387595262
11.706275113433966
11.706024752678903
9.791084692896067
10.697854491571132
9.48510748391317
14.102355366251107
9.976418106116402
11.288512258007506
9.738084559639557
10.411103832689692
10.25647218187768
4.770832180261859
5.592505895388549
5.8305145510149154
6.0192947955471325
5.999676497201204
6.292000827643182
6.337072886080591
6.4970142976140615
6.682701988153408
6.828515168168654
6.662925699202935
6.470416214138241
6.738906491081064
6.738686025813639
6.860967900845159
7.146322843212554
7.1164980379742175
7.0610460315440795
6.827576994681509
6.978458552849422
7.181138414462272
6.986906431785855
7.081582671301951
7.377344355557725
6.91065552740171
7.5478368008583
7.559302705817443
7.407526145457634
7.956703454531841
7.709407890842505
7.7947887282706985
8.16105334776443
8.375301823450801
8.036414513260954
8.043762260953969
8.583044253144855
7.919812916956411
8.626207589706516
9.001766479749891
8.575102384321873
8.235571509949857
9.207849035353185
8.336023302971936
10.860033743623765
8.363583972047776
8.441180623017933
8.612373869064033
8.563667956000502
9.184978394607139
9.248918533647611
8.983656057454942
8.919901626980721
8.577825318786005
8.550189090706757
8.565203616138497
7.971901193899617
8.489134312637905
9.165217342471232
8.736551239873958
9.22887364464205
11.277682142869397
8.621792904063245
8.924830439899738
8.663172583778682
10.585491328915074
9.046511866885727
9.878637720389069
9.808120731796594
9.76927799875993
8.89365954452164
9.866058514633716
10.056791720771377
9.324884111277784
10.356186736626018
10.123531381300289
9.793385520284556
9.056266885777228
8.626366428467934
8.774083407320656
9.0968530063641
10.750415584528882
9.768845538497935
9.193747332802431
9.232515973507827
9.392161472477483
9.054184895169234
8.804975207335708
10.43919577133249
9.709716659650596
8.968332431504694
10.899097495354212
9.857819172192366
10.050139853522259
9.576381604393472
9.087302162354435
9.808457052230652
10.501218135107111
9.749796254776246
10.452132757324378
10.467083791297247
9.230462295081582
10.698153976180992
9.526115915888585
11.01192379750546
9.797238975192887
12.59386575494845
13.897886409438092
10.123696324898074
9.893274590766412
11.581426819716333
9.721709616237607
9.872484121817498
9.279337996919688
10.460922815476202
9.704756058470437
9.80457279164276
9.680124666575745
10.306534048989148
10.05641417634879
9.78506420391821
10.114099843378625
9.243966416996981
9.491436728631815
9.604101816960359
10.795875275938393
9.717950575625341
10.399640179190389
10.715539408998811
11.282741559689555
9.74103733970223
9.174074581289755
9.897833353856456
10.49785244146097
9.22780808638494
9.171997498516046
11.70398820201147
11.045521078340936
9.828513785230305
9.996962287464665
9.580588052233653
10.522106906307897
13.018813706409551
9.549361227031618
10.30802624667731
10.918976240018305
9.952244136756994
9.757453035775807
10.733651638157856
9.69014723859605
11.933977244667485
11.344100967867181
10.675901839864443
9.953520025993566
10.603770155539728
10.717265488625664
9.503745621793767
10.568535853341361
10.91388890974627
10.3604484483038
11.652276654458813
9.441077028028355
10.298566358024358
10.198404820114815
10.605209105487136
12.06800398202803
10.783808697505787
9.107696909650041
10.1186690878149
10.342440577921884
11.884399465113406
9.722424027260187
11.525584427016863
11.22950958712733
11.221277765086008
11.401850213782094
10.6404724212885
11.411017223613749
10.372354474785961
12.902784399672464
11.068397434302243
9.318958197562466
9.86885322179397
12.078662536203627
10.944224875004405
10.167945559614502
9.73816781190612
9.96845233740559
11.40634518299451
10.842234424047401
10.59568954355918
10.839468062123075
10.205465535256778
11.862253691296527
9.990747393366945
9.7081414867166
10.885870186974003
12.920790259795734
10.423306547646094
10.076842782815078
10.551167090751541
9.443875164763696
11.2288732236213
9.712299660699625
9.214238099461385
8.831753966489948
12.362401818931232
8.652317579139226
11.616367161404803
10.683054311483588
11.216332965479625
11.653841218960011
11.830679932901484
8.872544194189373
10.701419801975511
11.693879256559283
12.290893530330067
12.505267570536052
9.045724100374814
11.152532448262484
10.292241210028598
10.439060820562347
12.377622673882193
10.989462376054462
10.532762941928585
11.382780221583694
10.774305985426514
12.357338860797014
13.027403881870402
10.772816359071154
12.75302733912271
12.45547138120868
12.363635675496806
11.27241500474209
5.872099281764509
7.175836187217054
8.875127808470936
7.9906463640742915
8.258921611815584
8.524175305399243
7.209132649241012
8.574040271070588
7.838370528746743
8.733964109315384
7.995202989475441
9.167857682485765
9.772863176077033
11.351097328903805
11.220741939934966
10.249404177591343
10.237304326587159
9.469129883244477
10.225187872848482
8.783580050362128
9.586699205346541
8.816733280681207
10.27866152300827
9.312063963968802
12.140134060724453
9.576935921295476
10.600072683507747
10.297219577499785
10.33837305699749
9.302554764869656
8.930945070508159
11.528414325450154
10.200739115662376
9.842223933505514
10.168608137406276
9.389023359866568
10.77512784741889
9.589751913578192
10.008982083803623
10.396195608989851
9.1917049472002
10.13540036031971
10.972962643920154
11.744869029819816
9.695906695741549
10.247263347951833
9.357078266237021
10.427645052804989
11.57924076475626
11.7963223927546
10.96193538109447
12.252049822649303
10.473086895905773
10.828948991934764
9.960038371204366
11.365862882159519
12.268172890949366
10.340475173882336
11.416239465173078
13.36282722365122
4.3408261554401335
5.0438293159775505
5.786362062759357
6.533650337567229
6.5297511927285745
6.748855254618423
6.855425456719919
6.723185015649805
7.276962442997803
7.7072352612557875
7.765390543574272
7.793455167460776
7.27414710956501
7.592192070949114
7.917614194591499
7.697381280645638
8.065166183270154
7.7177756379631
7.925531607618465
7.649504274388995
8.210359624817265
7.974118994169638
9.059775499036649
8.512275487372925
8.239408753057345
8.61071880381333
8.217106542858346
8.649523085087655
9.006431325598154
8.826267345487356
9.579430021814522
8.127834098336447
10.07325097974398
9.161569628440443
9.279607504863828
10.194506437203229
10.30534451876332
8.786011695708956
9.208694089550503
8.651365502730242
8.855863167181004
7.881857279519194
8.335784899688253
8.696273282960204
9.44467768572476
9.171334906505818
9.82468766725028
9.991899045155655
9.09841711344549
9.092577436809911
8.974221216258432
11.555600187850882
9.255598376211672
9.227937648796072
10.274193338605633
10.4418038938116
10.288467776878337
9.822018993409127
9.749321686293378
10.108235667013211
8.99276942700051
9.974183605331199
9.923543224788634
10.643412328774456
10.548454575699559
9.312731424433053
10.250271472936758
9.727561679470654
9.918028417991426
10.039269297182987
10.100761588096109
10.94278891264058
11.044908773341255
9.333806283551128
9.692700835535636
10.195400983993977
8.964383282501256
9.663449892040319
10.447669335358638
10.67030600498482
11.726034227580172
8.882730031319383
9.934536499899004
9.873164227147903
10.767821384136425
9.676068736951958
11.578857321401406
9.627548722007742
9.765833343382022
10.578957917375629
9.135535401730046
9.67176003665841
11.279166283430387
11.465512442859653
10.64169472072937
11.124218023776274
11.471932478041433
10.982535189292118
10.114098224079338
10.314400034651923
10.149125122322182
9.613247498458396
10.205202942248354
9.551114739832162
10.040112172464045
11.661142548591581
10.43604894891729
11.688583655754092
12.39223390799712
13.985056554412774
9.775528710954307
11.46088779429046
10.647750157403483
11.131915761576808
11.223661053957764
10.479520524940202
12.190096745401618
9.547167598910622
9.146506713393032
10.499497302357282
12.529585189042717
10.279454007462768
10.649633107228219
10.328841439674868
11.316692084537607
11.411317643994236
10.661560514084703
12.643163538063213
10.056449545856195
11.07863794641737
9.603056925813295
11.319235294008795
9.997131692587633
12.827163063097398
10.499566318231372
11.487288304469539
11.866348430982654
12.87760750529754
11.47236350312077
10.845219393721731
13.14021618207921
11.435449640232465
11.667626333402179
12.770719306904919
10.96452618543761
11.45514492930306
11.757505503301164
11.675029427523624
12.004896548835767
10.668850725859079
11.06181847499353
12.819322289027397
11.828227041605201
13.707456105470982
10.579581306893429
13.195764342403494
10.210939153899846
11.910400670649814
10.709055083324856
11.668601925252414
10.680162968856688
14.101803755272133
4.112855726197002
3.9595441533014792
4.690252116162852
5.594169810586454
5.517589195469809
5.680609420258692
5.612438363761692
5.522230661089775
5.635824760627662
6.044150849034352
5.994055199420901
6.335239858873643
6.23258798386536
6.223603179340143
6.641440103419052
6.546222457247515
6.496847939415379
6.696864091432831
6.575327102000825
6.803852005286949
6.775637145493875
7.560169256348097
7.225274593432162
7.608496721825203
7.562773006299429
8.27791860886678
8.148569472135126
9.002711417155012
8.709351814510223
7.906049581505346
8.690473992545424
9.443794989927591
9.425992845829079
9.6516097651707
9.266023866029991
8.867811242183823
9.729682460218406
9.830083039394887
10.268084684714346
10.732367091627916
10.656823099046333
9.688103939730745
10.038794238042248
9.392273149250016
9.730700387140493
10.035408963772946
10.588085903967208
11.47060820030726
12.317684486367263
10.507087731014671
5.235356354516719
5.384385250421521
5.576073749469379
5.5677331739318445
6.452292372289511
6.298038912136715
6.84023708155981
7.056576738729502
8.705183782236292
7.2585301457060725
7.131302610648258
7.099283482302629
7.698209295273528
8.051380219109832
9.071981238855429
11.21457012165546
8.560450676773282
8.291421262151598
8.187783866555414
7.932862642781453
9.693632788681573
8.248142992617343
9.625951478334692
7.94053543248234
10.051550420002304
9.623920707329587
8.609029307861636
8.831884772680674
8.821155684600383
9.78775287525022
10.420021578089578
8.910309112661986
9.824918775408287
8.661992781468712
9.325731001635598
9.764029560389165
9.93985333948942
9.47546503440203
12.285270781340529
9.983911039277979
11.219635596754959
8.938602230887135
11.280547920822444
9.720135584648858
10.080298934612054
9.637218199407029
10.499596591533887
11.80332944216802
10.126633694759576
11.964129885556108
8.15079351683165
11.077883985272173
12.980585736790356
13.015469120222496
14.390711495820124
9.169938257749715
10.863409562759585
10.47268670164688
7.466278974264699
8.262412555721918
10.475628978215182
9.154509539920143
9.900709760430862
8.896751291700467
7.231413364352073
10.505677650124287
7.620943637326131
8.279653304540735
9.803519337578518
10.727936937952446
12.247434417020582
15.040269727671214
17.542610962024774
11.022262744236855
6.067785245652493
7.756673086090964
9.003917967752738
7.23023454477325
3.755102346689082
4.297851634152282
5.820598686944932
7.847524333027205
9.668926569029514
8.450767861618475
8.859759985285766
8.60262305180968
9.18847849990743
6.6264557195057865
8.157704055393038
9.76923135935798
10.041230220262282
7.048602335278649
12.904012163747911
10.380142474261127
10.338723732067564
7.405565608285495
10.181841591101112
8.995275525139839
9.257580292479478
9.215375141982625
11.962571875565395
11.383404700153992
11.120916725031087
12.88945277287595
9.552232673518143
6.1568180342296595
8.154064214176609
9.442013667081048
9.388524871535495
8.979074644765527
10.000071000091282
10.210682465462767
8.858097343228152
6.735840203623655
9.527015486839755
12.494181269475833
8.520110252550245
5.562564106906945
10.620056020767132
13.518892609846251
14.244566153029021
16.739961232492004
11.80153269052871
11.55040976889958
13.367638944644249
16.675366728921556
11.468155174648999
11.245272967322888
8.390236381998609
11.142691428104943
7.05900112120629
7.909646089246822
7.344310896892657
3.962108704580457
6.9286389935814885
4.26474358161397
4.5470413381650685
10.130838240848751
11.457628160476364
12.732675316862313
13.337828968509847
14.657173722023938
12.561736247527058
14.070563574930253
14.222597180098141
11.229816195156609
13.149494368187646
13.866155790703315
6.106977052891113
9.007770835453307
9.56132276537835
11.977498264572283
9.801837888272384
10.201136199573
12.305509675418106
13.633305746183666
11.152061306332543
4.940469360517935
8.143829845874485
5.869587646764594
6.956908651803939
7.82845974815854
5.533292311659192
14.833483913081764
12.800470763224014
15.439670412143697
11.50001545584822
13.691352302040457
9.15306814504148
5.858054770356789
7.126946840257388
9.241076083367613
16.93904054407089
16.683274932582236
16.48627492048522
12.83237014797211
14.959935820667924
15.254028526053602
9.762556046174145
10.31421986868025
6.603561528601919
11.211036817341057
11.236419555662795
10.240907521032614
9.7764882850696
12.979769847587722
15.249578781954922
14.159376134933966
11.423451941595069
11.062389049102514
7.2230775794667395
5.5862561749861595
10.769597311910122
8.286872850346555
11.762656431039844
11.467206456017655
11.590279628069409
12.18289986353966
11.867770660188809
13.594358580157902
11.970957763741128
13.674205192621377
7.479981925339919
9.522696510683893
10.132043769398067
9.169315373463652
10.68872987139638
9.755231550428277
7.145357379334183
10.791180003282776
9.003604582880374
9.286968565613595
8.146820229388782
12.089310606278625
11.604472042158273
12.171141379087983
12.877435843494876
10.681413800862908
12.705543625806328
11.396285222279877
9.540635101708169
12.241702743737008
9.266850781183159
10.167934735837594
12.471198468286827
11.094573602516622
12.145188586525867
10.74991435792225
12.284869622068452
13.453313640747897
10.714434206194833
13.513557867420051
11.63414550696799
10.375864783766005
10.751594630056118
10.490876441633986
14.552049512479986
11.549147759957256
15.149498070456037
13.293540372547456
12.538381705864705
13.422172534324256
8.503947103251424
9.406248967533955
9.419218525455051
9.278616599385511
9.209408361893452
7.853200694475503
7.459460146488729
7.53089309160569
9.647131666925237
8.625856269577085
6.66793837403025
10.553558580947962
6.7325362946193295
9.714627500811272
8.18070939540967
6.5231051291015625
9.80563735960056
11.373996587743134
10.883862902217414
9.06798582080458
7.917324306027302
8.566085152967204
10.271455121708847
9.799660901266549
10.025742287825427
10.189222481391297
10.658875496163343
11.045943441116526
11.548688826453821
11.132173047518448
9.990547132798081
10.36053760572374
9.403030770861683
7.958841350674876
6.065474026008204
11.968674316886489
10.771372989987842
11.468938170713393
10.946759439981882
12.350212176389961
10.297477357214992
10.281643568186375
7.558552957620202
10.891509308718303
10.120300126719657
7.768138289592341
13.160453670783152
8.904915293608957
9.696274567700556
10.196640159186925
10.480455238114397
10.42593560317645
8.000401529467691
12.562425089466874
10.298001184149308
12.725656385855007
12.799504641018727
12.24834002569743
11.051682542430838
10.068537104718047
13.123362636805506
12.934126998816836
10.757148432712306
6.193098494349185
5.307183007287714
4.267335329376124
12.486478666239844
13.95189817661484
11.023439240149077
10.235458499106766
10.482407847346185
9.383183931792656
10.653102896328484
10.880832311688975
12.190941720546014
13.321591512188743
10.458256842623332
10.789055756427876
12.858356340263725
10.442892610382273
14.308539426098418
13.421603856617818
11.44503557673975
10.625540628706286
12.696728214080117
11.021086547057918
11.486834152606963
10.893996531262108
11.765919299060933
13.407228104064606
13.86081001965055
11.18867310012817
7.658595567504033
5.512795732605651
8.942099212574501
10.095269049296421
8.284812595587095
8.1570450355187
8.943412278029385
9.169783256856249
7.789816565643554
7.941416159600865
5.536943882210264
5.1892124341817345
9.599302769403213
10.651495655846855
9.364523400427032
9.399399125180805
9.72658342046575
8.620863661314099
9.840803392629692
9.616971755845537
9.62598022589082
7.959183238208388
7.629894852749354
6.004293685172454
11.172411742418642
10.864845569961574
11.333181363088734
12.084130666133904
8.65629658970195
10.393854908688638
8.807401853849683
9.75709791701031
8.895475418964537
7.215521081410538
11.376650091995291
10.499333688124583
12.441271735437915
11.652989967116143
11.11186539303334
12.352736022760508
9.317756937943159
9.187063226705636
7.604645975023912
9.234970123382876
7.771196094902635
9.069195124027445
9.63203400532166
7.266777414665255
9.718502315708394
9.75900432432658
7.54487755262371
10.86628507298438
9.634379553357649
8.748215696250112
6.631640618074099
10.547737756151378
11.178074849859966
6.585710746690362
9.454381593708357
7.960491081193358
9.619453336315745
13.485421642247562
12.447099221780606
14.505219313955093
12.870140129588272
11.12778251113493
12.698311245970983
6.4690941393405454
12.272299728397499
7.88589115048931
9.412463127966092
10.9294757658448
9.462858618996048
9.511828840303263
9.198773518247055
10.006513423903735
12.20923089196301
5.63272573411076
7.853432639966613
8.304347419106854
9.442685389135574
7.856138030710692
8.841525555896425
5.745204161576112
5.4552778957426415
5.063687398369325
5.165800773509452
5.234693717616084
4.549796703309515
12.60294710751848
10.433229262011508
11.89933820781468
9.211167069025286
12.28497493722339
10.510768604997194
9.771017021559079
8.88550853446206
10.745057169199745
7.959631954435296
11.049583609468833
9.746962871297457
13.173475739500127
11.10605164471576
10.861028180749623
10.664675061745815
11.636448637674192
11.555512723227299
12.260618951834116
9.982378081309756
11.628530903426116
11.786373055624773
8.214483704065861
10.854439228802008
12.119398013094619
11.496191941434544
6.709453371289409
11.976693516948053
10.454560457511402
10.69966083324941
10.075954780269026
8.822470258507444
13.631730441355156
11.046875825793174
7.432881636336944
9.168173410849443
11.536889434259052
10.029830406491811
12.216892204151154
12.1857515892458
13.558037051028712
10.879785635919735
8.059126890035875
5.666998544460927
5.895377098650485
6.7150323611119465
6.382767106422304
6.694530293439613
7.450322386963046
7.524599757748559
7.205770754731012
7.248280285889781
7.5807184197633894
9.407289895196563
9.659865209190455
8.547832513149926
8.696761523968004
8.481878544179095
8.488516001498642
9.43265458786308
9.147939255298258
8.731094519606952
9.47166277772477
10.636992779239554
9.728282817620801
11.158758603055327
10.227812294568768
10.671089265339141
12.114742072300455
10.798403461203897
10.436561159498305
9.379648474755482
10.335213082544605
9.582042913298746
11.519426997873104
12.299038874080576
12.36708624547329
13.168413781931342
12.176398689688373
13.567692238973633
12.620645935305543
12.17629735254769
10.195397993120253
14.12956445110471
11.111856191275287
9.345957165572777
4.659057638936408
4.95915010693409
5.048296126300945
5.439135962054634
5.565689412439151
5.624649487056075
5.784174143626311
5.879088107908212
6.122235139188589
6.7853060356253865
6.886102977111124
6.7763136048444865
7.1969823354390465
6.995408933502996
7.538163629236816
7.7822022535280775
7.762161324545529
7.646099342779045
7.963134537205594
7.873957262837796
8.241197221021501
9.247648886982113
8.756222420654513
7.709562217563672
7.837172759411368
7.781306628939852
8.446685618302421
7.724459490087245
8.00186220592793
8.709780433391483
8.965463360291205
8.251018170603691
9.206792512256659
9.319259591967004
8.996995460478303
8.855124227559815
8.236868459093946
9.43587972591097
9.393643699207377
9.877463314361863
7.997811304683693
9.58490747859201
9.256928964776638
9.683288546327663
10.065886031154259
9.815338936479758
9.740761421756316
9.737360253788719
10.183451892640356
10.145959777026192
10.772712726745095
10.025781011758697
9.31111935861701
10.139921204040146
9.031874618204384
10.6752674206421
10.673203383312645
10.115573113425413
10.581480026070693
10.882947496531063
9.404384758864847
9.891499387083638
10.913425420507636
11.940699125416335
10.737415944603232
9.52794799258001
10.47794707469245
11.555653448341126
11.315879926930432
10.270755183246647
10.666820099608543
9.33643435815914
10.049445331072022
12.24510960087483
11.093734674542537
10.914558249536569
12.778188643400707
12.613634635701958
12.896579943300821
11.391606891430929
11.904434638541884
4.753152879902419
2.219883092701828
5.662833070145593
6.136887301381593
6.952925433413375
7.0952109579524585
7.277758115840985
7.867653213314421
7.516707166141625
7.3135175935576795
7.390086472019328
7.951584915444937
8.213272650934064
7.989080102711198
7.8358156410795194
7.083788370436109
8.393193028252043
8.42690628628381
7.8576254382701975
8.567798569900281
8.267240957724395
8.339285514079984
8.74712393074325
8.649135819117298
8.915766932283224
8.596021591003671
8.781994565491889
8.714544240198933
8.710714178599941
9.325600663697912
8.205545078529529
8.78439127646941
8.801772742234
8.41143079997282
9.45681735269689
9.5818721196977
10.333280022547129
8.74878308244142
9.726357200070229
9.872055682848163
9.35276130789046
8.973491894360748
10.16114433281295
9.870372945238854
9.367452635077193
9.904710679600505
9.422218779149901
11.094541717314755
9.096063091123403
11.119058292310374
10.518727673569199
8.573085825621307
7.565807329458557
8.360197460783974
10.080987416057066
10.338877238243866
10.335022311139792
9.691672589035571
10.478990425819408
10.953278790598073
10.650346470025129
10.61950818145084
7.566033959151357
10.74927452425244
8.985370078347167
9.981678417404893
10.3506932385651
10.051162623203409
10.245108168445892
9.328559620378494
9.760945518718696
10.363570103468295
10.546121286789193
10.627071434194809
9.378532338020328
10.7966442755251
10.616540175449517
10.349419064756946
10.886364204065687
11.545851239843161
9.901547469393208
10.378175036236543
11.082154481104677
10.87838724323018
11.219323533287074
4.366102385914923
4.596919673302496
5.06790301171397
5.652221598395376
6.4462735567074745
6.2034823750598544
6.5999863062765245
6.50912153650546
6.587337246304083
6.628876583828664
7.230001140897702
6.851070375462342
7.071740137723769
6.720378713676176
7.2978065292021554
7.012959409788523
7.585363985382918
6.931307034738243
7.330353894515226
6.978280839510057
7.6228895607195195
7.758988935966198
7.594737539286504
7.768042456727791
7.4565727653793425
7.798468062013163
8.39053405532904
8.279035056888027
7.824172160595307
7.641595051925775
7.535265075905678
7.773841673737883
7.67242116581399
9.532310184422386
8.785868005131205
9.888183408660844
8.554878279806465
9.537088291435387
8.548882714967538
8.301465206687134
9.898219427068176
9.99256501484345
8.598764052769553
9.438205844182885
9.674835376103331
8.668380613150132
8.69992575145714
10.667280736706143
11.101812767301041
9.783705326170589
9.269469225880858
8.35750324244452
9.639983832017931
9.245283170598602
10.338890529217759
9.741718814630588
9.49622630721137
9.904082747717847
10.764164736305874
9.292576523654041
9.53256520512914
10.743271109190783
9.520193993708741
10.659933069800108
10.864039327934297
10.587441198844367
9.608619115556657
9.324148431622831
9.634720128379248
9.98292058242702
9.812351067973733
9.920821522712133
11.487008126858289
9.465903606866886
10.093260979903258
8.806602620965318
10.33931599443356
9.686470452171218
9.352618803292312
9.385228651258103
9.661489950252026
10.973439509568347
10.745655020504783
9.761734312621764
10.0627757356276
13.753561746247838
10.734826956385014
10.257247434902254
9.56374834595519
10.148918532034052
7.633696204267005
10.718702508228288
12.11048529477106
10.745189645709099
11.527977471440828
10.96190435469298
11.848538519186171
10.84433392642207
11.726067925450248
9.555894092307618
10.472143774215233
4.9305856913285195
5.255676927386851
5.396979013849284
5.930285968506147
6.07262368827908
5.851092698450863
6.413541528730896
6.664673663900826
6.780850868616688
7.007201658350446
7.818991023693767
7.673980473362947
7.9587398472912145
7.851119721731944
8.567035881063902
8.726418111317773
8.410384068021314
8.239374394228895
8.475130713963837
8.76445120681465
9.401335695546734
9.246133641774044
9.09333560082962
9.806539713056239
9.676599191916948
8.925134401737107
8.581496215030423
9.970227464149648
10.980652002162483
11.208077353225363
10.020110997005578
10.161775325964475
8.856454908114268
9.660429835396915
9.937005265338865
8.489737081839344
10.446129926942586
9.587993208568664
9.295007712006942
12.199626823494071
10.189926198894591
10.41552240396602
8.69143930792678
11.502005711061528
8.478481536893252
9.633969961720586
11.739543392522286
9.502070491581303
11.563268275003509
11.796769637450211
10.908169877338784
10.890076809802673
5.945464121918776
6.062478070817628
5.824706692445977
6.151512147664322
6.469551511752394
6.752008229938694
6.855802914906792
6.956860182118738
7.224940893164754
7.4928132320775465
7.988587318029429
8.089373590427783
7.187553403362092
9.10259066297086
9.281187443138663
8.858137230555975
8.622643830958436
8.426689263806368
9.127859758455573
8.397288736372584
9.61171432024579
9.087261893235826
8.932889407178868
9.28670938175083
9.555488635780739
8.331084620997743
9.914012795296816
8.739239868518158
10.537997139716104
9.664328226654245
9.739215863847432
8.829575014779259
9.069151053579093
9.198168657002304
10.08825280805918
9.626720964605948
9.911377031597533
9.325231642270623
9.374824996314437
8.988358296897776
9.267067800349954
8.920934441485596
11.1550877295559
10.157608731298673
9.580588548750152
10.873444211964527
10.514044223530647
9.07970874365949
9.929615727364187
11.347066965831374
9.716872366468735
9.587023442019118
9.733459784566918
9.06796534783647
9.371042324802266
10.931134567644872
10.718963059501418
10.165151028151922
10.827075308042414
11.548751978681501
12.186349199919473
10.637428890941266
9.523827010550521
12.62701601265631
9.809138762373575
9.584012518080549
10.190928588095746
9.615164303664253
10.307452837952495
10.336549451508318
9.971063030719606
11.174376832047525
11.078808985169738
9.209347213128275
10.788485606564127
10.121658973510696
8.862042498805213
11.48252217601203
9.918330748779528
10.610189661466505
11.251272949861814
11.28243499148728
10.883269521206064
11.575053384754394
10.577452650237948
10.78429169018034
10.786366639859947
12.301710804183976
9.108557109465593
10.358838903856594
12.286509684561453
12.203738193642547
11.196862084014652
12.299693845034437
10.637244612957799
11.903473044944842
9.561776586720137
9.438539744837543
11.303728613102331
12.51507666551765
10.145608875028026
11.603640788730448
9.938922176437138
9.580189440911386
9.842315105382516
11.068948498913176
8.475709947963622
10.140641727837181
11.50488844662696
13.09608209705733
11.012727873058054
6.431346417494411
7.624154753657232
6.95879210259702
11.277548009972682
9.56347541404773
7.774496876956535
7.937786983311451
11.389324247030139
8.422134121838614
9.149112030709334
8.92241370417921
10.87418480979339
11.433645843103797
8.38346212916543
7.9702844004097315
10.099593123110711
9.557355630946715
9.886588421212036
11.476159940276318
11.431606792042121
10.225090916372494
10.49414026007124
9.814520128835902
11.068019719889964
10.525588131439658
10.123128091612308
8.377716134065928
11.862244059920231
9.748610150902028
10.264553472916294
10.955237711265662
9.973331595514338
10.974660434348085
14.761895536081443
5.197877129514464
6.697331344381938
7.010640508696387
7.2968592282620905
7.108119404621064
7.040381843426786
7.746968475495644
7.855144434805714
7.943214656744356
7.78387083748644
8.225163223593174
8.314822818014925
8.513852866234183
8.754971104371013
8.756017019017497
8.857495750053985
8.40335263216183
8.331959387490961
9.518202957132765
8.86032232807962
9.391352812022527
8.650304859138071
8.630586196711151
10.152039941489992
8.806242808003907
13.229247169686895
9.391864101170182
10.613721229791125
10.443754412133323
9.980788665945038
10.763771241527358
9.865823256777848
10.258516091278437
9.76965666341675
10.324110575932949
9.326871146333673
9.662523834062995
11.11273621754602
9.336549019625679
10.091893040293561
10.363539659109158
14.636303941036527
10.664160236563921
10.780457162829249
11.2426367040446
10.333228104450598
12.09456402747292
10.973042945004527
11.401914972691923
10.93096592265002
11.402210341258082
11.851262787648373
13.588319142226155
11.205911062099261
10.619189657344128
12.598851073708381
9.587412359227386
10.389223043389682
10.933116771054571
10.512401743814173
11.09059344954186
10.216236246153535
10.19391468068873
10.088975965061035
12.717178530496728
11.30813175305505
11.313910870417129
14.083181416051547
10.874298165771922
12.169732963779374
12.125794480204766
12.952281858981747
15.55364434681682
10.335839913652041
4.901232587524591
4.867316529359709
5.220012234782852
4.75066122838137
7.369770520543508
7.101293774864889
8.943016430997801
9.882759195093117
9.590708230514453
9.931862124325484
10.743523039036816
9.704094544183285
8.213744929780812
9.30134742588934
12.490217839617594
10.714577883584106
9.710473500035858
7.1819855935675925
10.30152265537611
10.421307833241736
12.637269134925202
11.916011208961919
5.588054148399432
5.659933856854825
6.559431931515361
6.89822489805097
7.094297604492918
7.440052220190659
7.609367088239512
7.6930582740762885
7.747748431541327
7.611665457478879
7.197933929629647
7.62173342989406
9.637461800020276
9.74850601532501
9.883132090795042
10.163026914847613
8.6871393574196
9.196143171182362
10.371573150812814
10.106830988608488
10.24701441927138
11.867332633951388
11.16385439207418
8.043045690918298
11.346957404346622
10.181671878877646
10.05701357972776
9.736973022172794
10.076669572852964
10.187240039460963
10.282091121758643
11.02869146374124
10.292622175401867
10.892243039233936
6.627101737820314
15.753380705294424
4.5043697421632105
4.832441887398677
4.452755241873662
10.648976759686935
10.563614976038465
11.042752161460097
10.987657783202629
15.086873401251706
16.163449182741182
11.247388527793714
16.61127799076305
8.793029653583812
9.091648876778862
9.787854192077015
9.275118197481326
12.562062746445207
9.093349183128323
9.712514169532337
7.387003454891529
5.469875896531018
7.134602356068523
12.272068795778212
10.334992546035839
12.322138540599852
10.12396772355597
12.995274140539992
10.3529731741359
11.37160012690584
12.151866236497227
11.483160744374128
11.5001878286525
10.365550415210247
7.752557728054257
9.789257597525946
10.148948600324289
9.65018833466174
9.907487641760445
8.28880700406681
5.480015952349544
8.302227018236437
10.568024276035006
14.978551346026991
10.702890827187334
13.4229094369263
9.983739373286276
8.663234882482767
9.366686718343121
14.564517486444103
9.777905176924381
4.431030734999738
11.637094021219136
9.641039664230568
12.255169898996265
11.216286087576794
14.398037157545243
6.203926231049209
6.196760190173476
9.749656529412036
10.065442523978462
10.679649585386851
8.357497212370465
14.80181009100047
12.526163212029132
14.182440478517734
8.000166334438507
5.92605339301547
9.11693183651924
6.505556240298661
8.716469223877375
10.808813582660088
11.489049553283083
11.959607838496744
10.016066853459016
11.161742445293548
11.453282042935836
16.10607201201041
9.30808484157259
12.199566856730923
13.576486199157754
10.859731514684395
8.702789714550885
13.658691526817423
11.683758326308325
14.362301101523236
8.241272917204817
9.068071139493693
9.301322740428251
8.017645861069596
12.356196780684463
10.779568163259414
9.086347957615304
11.86484140329821
11.628982754879425
13.509376934639846
12.85706202782782
7.078497420988835
11.279366391454179
11.616690125925038
11.870939407333278
10.99566048961551
11.31291797397566
12.39835140194067
12.209946491751161
12.122615929484699
11.596514631962597
11.614096548646268
12.067657740219259
10.839624978466972
7.362184471174881
9.392711031399614
9.070372915493856
9.148536880861915
7.804984622818258
8.956455852040264
6.03257194793624
11.072994968273656
9.072359381233547
9.657070985672256
11.430736358498685
11.366181801630615
11.07690629412276
11.103567910069813
10.707188430445498
9.330428944593454
9.844420682622962
9.497796240226638
8.594875770989878
8.982312439563934
11.590263212720103
10.553567705754329
11.343446296940193
9.62380672047858
10.255602912815439
11.280419487257733
8.702160497432534
9.963057125955093
10.978456869329822
10.641868176131542
14.981069788474562
14.786794058823537
10.56065113969663
11.26046634388712
11.111620323347132
10.751353779519519
10.960753608524946
10.725695332202635
9.976851923172784
9.848623420316923
10.761860385752358
9.972069102896512
9.951666499342064
9.741372892687991
10.019852935229789
11.262577965631454
9.84108772439403
11.571715996481093
11.88604139681889
12.213204861688109
12.92641154708636
12.628927463403151
12.411182072103239
12.587294823167426
11.931011995644482
10.203454993382271
11.95641306935218
7.439807626017119
8.81837494943669
6.823054505521359
8.331756359408041
11.577044668685577
9.882548747631736
10.853582762391014
8.604861936016851
8.018154984135201
7.9318713410148325
10.447180661441847
6.724719038887055
5.382491234371503
14.390966349245591
11.127221301283285
9.386647857446242
9.435165074269108
8.49572785967212
6.893168810897263
7.744158788406004
10.78175199770409
11.667577184441717
10.689934086259726
10.527337418771324
8.25600694719943
9.749292380770356
9.503151364445714
8.539023989861299
7.439210597756702
9.640436848814185
9.512598880861885
12.40997802381056
15.26886935385436
11.27378747207548
9.989560084775716
10.420949980962908
8.966208367603397
9.438138209336776
10.058031144263976
11.003380343596831
10.159131252939622
8.84203672216087
8.342757562284246
9.159368240534755
9.354610094182092
10.158466411791505
9.799856758866035
9.027509798822479
8.846587438810868
8.197289688005846
7.188123518610747
6.944171719346821
7.004068306480683
11.729946130813655
12.098748140512095
8.542950054194744
8.429945330404188
9.302667230001074
7.623044580409606
8.076514361243103
6.853228125636597
12.659150638568331
11.409550203754147
12.517040613945321
9.396559193165587
7.591377428828665
9.55189043863731
11.98782175990014
9.44761461164489
9.024322527861642
6.141082015616082
5.4376278431620015
7.720082649128601
5.743191912484518
4.348830895732707
12.511882849883468
9.983721888555689
10.074369014669232
7.16122119128614
9.008140668954283
10.927389512468709
12.179856688528497
9.471946028505803
12.011563130099352
9.630401778639406
11.837290687896507
12.13145164227652
11.842649991316677
11.132554544355976
13.86677857146387
11.902535759394233
10.788511158034623
8.122378908011125
9.09289286606322
11.434781373098723
11.873087626064287
11.333713382208057
7.127610400120173
8.321005411510377
6.2688044980306215
6.726686873477457
6.491396985475799
7.229277917582136
7.427785486766279
7.293069866681963
7.311269808240026
8.866308485883264
9.152236239669666
8.956641013865632
11.769333893104488
8.748381061736154
9.622520900629203
12.146601852811076
9.61423028169344
12.399749044594238
9.953388575063812
9.77266259506355
10.18850686695794
11.979316828735486
11.614643489812106
11.533972203529522
11.450877293779502
5.1474641051883845
5.607911462821908
6.1331723247041
6.751572156733338
6.6964729300969426
6.796002963439166
6.647611624621564
7.019062651557149
7.0514855380346955
6.950137648386808
7.302779220690007
8.121207602444123
8.159062411047502
9.0457573965253
7.960933589480074
8.166702409524987
9.077746757100341
8.907091121553844
8.077434285932963
9.06193666757923
8.99314431155694
8.865235025768726
9.587683035338232
10.6624864305289
9.142785693100304
9.127316545547107
10.09510322125116
10.626037474018027
9.89000863007178
11.098136673201525
10.114329213033672
10.561621815960109
9.82010113776207
11.436380201447669
12.152302800820095
13.10908092590037
9.967707531950515
11.409974052738256
10.481286611446087
11.322125970489326
11.09456275607371
12.764401891747484
13.001747816930108
9.946237514325285
4.259802826461747
4.637494056575087
6.415778652729033
7.181895415854037
7.23871641775707
7.0903124840828795
7.440255261158999
7.226496217416598
7.747187618700771
7.221121984453225
8.611818981430853
8.486982294097572
8.904980292729688
7.11070900580359
10.784428358587304
8.188080194957369
8.575320231752897
9.630212312908595
9.884817194446704
10.069905635012166
9.487681265728982
9.545262615930081
9.308005188764843
8.990088618583838
9.51233407487284
8.719615295192064
10.317912422885176
10.128915963912387
9.768863316957425
11.014717085406069
10.67453454526135
11.603521730651057
10.054264696469824
10.776390727976786
8.886575872286267
10.115323871614667
10.054151225896229
10.002114212530614
10.325877527128016
9.889021464849076
10.219929594829857
11.838714868023935
10.7632797204333
11.20734314195082
11.301032026172962
9.54975366319002
8.913361210923906
10.585384632301736
11.002806772261604
4.676140078517543
5.101659485131849
5.506338213234155
6.050652162671192
6.119519925570681
6.319521196127121
6.594948972371908
6.531481142726166
6.478228785134101
6.540945319026736
6.660424637923397
7.0132603293066715
7.2426995068649
7.126119416123131
6.91921856477307
7.748577060923056
7.77842799528973
8.82429353029664
8.06399191906911
8.180706802064641
7.954093299169264
8.395445897503937
7.643054904774272
8.34625342646233
8.207108295111802
8.069482401895371
8.272153320689414
8.668150016398775
8.715544887164178
9.07095394264643
8.842588189509536
8.218884656954415
9.059697275541595
9.219604356571995
10.510064688924208
9.268007442494314
9.201588377150845
9.53497342730819
10.742794427588956
8.872705584613596
9.514413141697457
9.2525182098664
10.74152308142312
8.278510374381861
10.964454921108008
10.622483845691214
10.055053190726609
9.510853051515875
9.433987292643677
9.634003450891008
10.329279157830943
10.280555433594369
10.298888553135807
10.678629348187375
10.334174031020513
12.451103238239147
11.628110859543824
10.580834374033918
10.095037160594012
10.467534676811084
9.417551778078
10.018341783576174
11.163017394453355
11.852559056935217
9.301717311558303
10.880386957948888
10.376002320716704
9.895340905997523
11.376402297672277
11.594529526594682
10.064508539456687
10.909958353754789
11.69109154231781
9.798621884781047
10.684222809923067
9.701197861749998
12.151483177071006
11.427049500224513
11.879479846538878
4.237733232238956
6.76503082293789
6.960955296032084
7.857295505124993
7.995806598655154
7.747647590375281
8.642119935324354
7.91151819843753
9.50476645988224
8.529898793447842
9.413102463795278
10.136310800550497
12.4336385078973
9.017026497481794
10.974197680745432
9.41520222207137
11.230133311909242
8.714241948784199
10.958645490094915
10.57273654425364
10.014087705324977
10.094378049279287
10.137909550530226
10.751196848694498
10.489389255846955
11.455903403954261
12.419586552969829
10.067625335249547
12.19816076293153
5.476067003494572
5.79836296307797
5.828426968220092
5.957963558507705
5.744192966895044
6.631594262419496
7.091754589327676
6.894434977239525
7.820470202801614
8.330652140149729
7.503756377319391
8.269268095137026
8.785633323649089
8.124544362012859
8.246313868745714
8.344809123403362
8.10918776883791
8.263631947799801
8.832754814363877
8.997042244637006
9.645723602681414
8.821595817589882
8.667938062042555
9.42665435627043
8.958263599221388
9.821935114349731
9.679956177029794
8.926403517330439
9.326027682459324
10.14693461311325
9.5758498458281
9.852359881102132
9.670866213930198
9.79188261693335
9.302499539145467
9.92637438040279
8.651124965163232
9.119881288539213
11.150043874344949
10.514930802805964
10.285855389674687
10.533018872467299
10.097786850371637
9.150171956095399
10.75509334477361
9.997013327657978
10.90352096615321
10.426289765231756
11.51052577323927
11.965259223926958
9.984616586469706
10.993990025821223
10.218931212623888
9.428859018310034
11.708076887826811
10.05978117592472
10.472299291141017
10.45438512724849
10.550140081883004
10.332598468906497
11.79043367937444
12.293122853599762
11.909061901353695
10.721000294379817
11.113771888791277
10.210706442306051
11.083179759416556
11.42194932893483
11.960185265791765
11.359556887737892
11.591287340804481
11.235590572755793
11.404131952990998
11.075411129706076
10.646618266463793
10.686461797513301
11.394916724079993
10.594920369505836
8.958202700464543
11.677300085384188
11.435651216700695
12.238639082261047
11.8749872101593
11.842183596918526
9.189667129507116
10.215960771461368
12.505797558235175
5.005060197195107
7.301309226957632
7.318304572537465
6.4616949333408025
8.597679733856367
9.396801694058068
7.5708295820044125
8.559906576559072
10.415867281749758
9.669687390212154
9.968537563195788
9.386231534765912
9.72065470625658
8.70353364070695
7.9138608463536055
10.714204421737927
9.763759182858456
9.4041399649273
11.23550220822965
10.02340881764593
10.471996784354339
9.452758373167722
11.277709077917265
9.01905088332089
9.295802836646947
11.411838321862353
11.076939171599921
12.48720145366083
5.585848647578029
5.673172437688926
6.747134304895706
7.315577394810171
7.385180891216583
8.153244302393357
8.635813763710987
7.628381259419059
8.402902737175705
8.244894853226961
8.377801132911287
8.7820256591475
9.060906357849031
8.913656394359963
9.541369161793
11.19700370969933
10.295005949976497
9.556318930272768
8.62942346717275
9.494883167789444
9.56685481641026
10.610841843772722
11.0683575409898
11.319777506531391
11.154861985945285
10.04909310306255
9.458716719748207
9.98259779944063
8.861081361498535
11.831619010066422
9.410727407931939
10.695832306955118
10.398053746436917
10.3676525383297
9.166033192485333
10.506263811923164
11.06836231933652
9.35474665246232
11.163827847028191
10.21091080582731
10.337329008942316
11.057080233849167
10.332465521732628
12.18801033605176
10.87292407257235
10.866921425112906
11.774404351920865
11.342911949298216
12.233214909094018
12.227923120258614
10.835442735997482
13.068969019971266
11.92261028711411
13.439599422773446
12.66487396853704
11.792413331418153
13.068961185061823
4.61570314496296
6.099796174588725
5.810787735820772
6.632553428158472
8.206235533454588
7.363311227972213
8.11462968505142
9.322387585811533
9.803492811212532
8.988148207976158
9.612994847816095
11.503227822327414
6.691324045048513
8.832871822157005
7.499473348387515
8.54858717840812
8.820414602701163
9.447666934158683
9.386772921581818
10.882110128064706
11.51746941784395
11.760342208101417
9.771529300742152
9.837399698897281
12.43453010897163
12.335506432537754
13.535832933912356
9.942595513531295
12.164094034971054
11.075911686073493
12.04786290659355
10.228348619772985
10.334067108336448
8.104750211711169
10.05671006374206
8.741564275434097
3.991153732855601
6.446777069608436
8.990652733292388
10.10703105460307
10.29477697318739
11.403814525898127
10.283010820401532
12.867290003948465
9.521231824923845
6.9089008576846975
9.258961563024735
12.336866979341186
8.337832993241545
8.688328212452696
12.255511675989931
11.577518298012102
9.793632608177802
11.8855789320213
9.109900355088
6.482272997831156
14.39944622472843
13.296465138318943
10.388619878718156
10.390545081277757
14.8170978274957
9.725984570285513
13.124984682504413
6.115927506117503
11.934088370480344
10.19950334299458
10.179263477372832
9.613540618872774
10.634007326790758
11.050436838425851
9.030030815493438
10.251481545984305
6.336153669127975
11.2181102162744
7.4226950175359665
13.503045561665989
12.370922302092271
9.71455609655063
9.79640297284791
7.246377320574748
10.79511628862664
13.283790109465716
10.15775389367156
5.901185626369777
7.740191629703622
9.758572030961382
9.954544184430453
9.281404449862476
13.322891467354065
9.706876986240802
13.05443472697715
12.470868263784968
9.014233667243076
10.335286589178583
12.597965948447913
13.373355790332967
11.419085209012152
11.200133122457107
3.8886239400947975
8.700743529429538
9.508277116412156
4.002003025570712
12.397359228757452
13.085452445528006
8.098150793731719
6.381209719324799
9.1502918505503
8.958018212211217
9.049709225247724
9.998621909993307
6.985469795960787
9.46348661625853
9.550773249311767
10.796770956617443
10.1582257218683
10.734375507087561
11.230985573409573
11.540394333661583
10.678553374055507
7.369027534618141
8.306425667075098
10.617837237520305
8.375813704982596
10.977160674868783
9.550311522130478
9.563489681157161
9.167993569365997
13.977517574617002
12.649238673937015
12.615700908735207
11.360326532926868
10.627419872771615
5.070109634104297
5.189302387385665
11.502013656989822
11.070768228245074
12.305382426249162
8.011589608538365
10.88001350048454
9.795503289282644
12.714472616457595
9.767813102285107
13.729605514446
13.359419152577477
5.089467059843207
11.52903648011209
10.58856936041773
10.85989810586021
12.030820264446525
11.993433691385084
11.539879971319838
6.081675974746401
8.85857505608835
8.245591546018371
8.78955652710614
10.520874674061591
9.73458972418224
11.485526016930852
11.938515357011
11.37791593923783
10.616478177133661
11.565390355846937
5.485279157204456
5.339387587159059
5.764208005693819
5.764567001556959
6.063646285009604
7.073885271949672
6.752569441466925
7.037017506940389
6.95616644585553
8.129921641696692
7.411860829717572
7.405649198578565
8.170993152844204
8.329535643349004
8.313563725276238
9.579221634781701
8.911964749597615
8.278357102750029
10.300956117966095
10.113580935506237
9.961406529699927
9.978194851464364
10.687951285161766
10.401777975026032
13.746624598163997
10.360528146858647
12.434375459495598
12.003356910884348
10.862304545685431
13.528202382902546
13.285927021778633
4.383421484135891
4.978665084242676
9.833738240327484
6.614987225608161
6.464732469243464
6.934349751262653
7.745711658040793
7.309341310409136
8.502676418900071
8.310113084863243
9.460858240133948
9.393097581763673
9.764422387556442
9.22299063872676
10.008202993880051
8.820993309345383
8.1836936529688
9.470273565786089
9.316544687273637
10.392837378759861
10.024742337427394
7.451725546620136
10.519989511140096
7.5565189033415745
9.233855249106824
9.420635251518998
10.906806952286205
11.931473170594005
11.232543165655718
5.538601826246667
6.2457899533477
6.387446962842848
6.742268852270379
6.677124525262578
7.541001321718518
7.771255510843808
7.57920038242456
7.24120897249969
8.333084870958507
9.081655500490285
9.136405172095236
9.33147049817729
8.910324638446001
9.06916179261174
9.540269337910232
9.671868012026035
10.09667003664426
8.778258221376488
9.215796177943114
10.491410269475253
10.112207194018998
10.708186042997799
11.098513528315298
9.984554437704414
10.123673650416848
11.234811119805485
10.76866934688309
10.633037469939069
11.07661629604611
11.371748505402945
11.015139997153891
10.526474206045968
12.838300586002918
11.819330873407331
10.858976652845941
8.453422352965006
8.487551819068026
10.668831670970892
9.54993192453381
10.996811760917943
9.279296710910657
6.874574152210257
7.192698818041515
7.468795479831177
7.458483021101466
7.918867543393219
8.108951568571038
8.536283325318282
8.286589841918655
9.31126243252278
8.828123205292663
9.550329294074496
10.587469321948172
9.091747381588146
9.21521794459748
9.053875287143363
9.075350291530784
10.432730330507715
9.987376634309038
10.137061755885991
10.564297190543567
9.351689181793596
10.114478586395451
9.72306794146212
10.79843777978193
9.538975309964302
11.209292334348582
10.68368091592432
10.653473729115554
11.523249983760046
10.399435570325084
11.357214016965091
10.781796956314924
10.992040779442315
10.570278095710691
10.176913680908974
9.83687063263478
11.675525165536605
12.314785038798355
11.714427065312616
10.893664055122827
11.808776497561647
11.415462389472504
7.129896299394283
7.858478815119661
8.930466275388572
11.495681933622826
8.597151320192223
11.42759230509101
8.670348798763374
8.145439391719789
8.97536954782591
8.628523931307528
10.012314720834546
11.46343781649431
5.755816666462863
8.18646196184824
8.426234769699922
8.702632435333284
8.99596364963139
9.055620180073412
8.939046612756286
10.661811116873348
9.72157036575332
10.123544345571338
9.820339989848422
10.692378800340851
9.816307891172192
11.374260318735647
10.071684221500513
10.446802933461242
11.678467453493553
10.418932446020989
10.787678229413824
10.686951486310928
11.022632876056496
13.046240269545994
12.090962068682634
10.844688245748058
11.048193232007202
12.627397442557834
15.971808498247517
10.690306378644191
11.609208871372157
10.31350591642882
5.5384819071706
6.148939939322931
6.1060197051186655
6.720786436883442
7.527482634901084
6.964360271590389
8.067232164737936
9.168069252717657
9.235297567912172
8.26105626196996
10.604059664950217
10.811619188458904
10.595115407529686
8.041158062410458
6.81778492701787
7.105668424978735
7.046717856305513
8.438705419578454
8.990920474142154
9.405896440054784
8.931900111746062
10.68455428530419
9.7192900324075
10.425400594948478
9.841091832928406
10.492121879352538
9.672403085551093
11.297790166025043
